bankroll,stake,payout,odds,won,ev,source_file
1003.2,1.0,4.2,4.2,1,2.9899999999999998,ausopen_2023_atp_value_bets.csv
1006.2,1.0,4.0,4.0,1,2.8,ausopen_2023_atp_value_bets.csv
1007.44,1.0,2.24,2.24,1,1.1280000000000001,ausopen_2023_atp_value_bets.csv
1008.5200000000001,1.0,2.08,2.08,1,0.976,ausopen_2023_atp_value_bets.csv
1009.2600000000001,1.0,1.74,1.74,1,0.653,ausopen_2023_atp_value_bets.csv
1009.9700000000001,1.0,1.71,1.71,1,0.6244999999999998,ausopen_2023_atp_value_bets.csv
1010.2800000000001,1.0,1.31,1.31,1,0.24449999999999994,ausopen_2023_atp_value_bets.csv
1010.58,1.0,1.3,1.3,1,0.23499999999999988,ausopen_2023_atp_value_bets.csv
1010.85,1.0,1.27,1.27,1,0.2064999999999999,ausopen_2023_atp_value_bets.csv
1011.0600000000001,1.0,1.21,1.21,1,0.14949999999999997,ausopen_2023_atp_value_bets.csv
1011.24,1.0,1.18,1.18,1,0.121,ausopen_2023_atp_value_bets.csv
1011.42,1.0,1.18,1.18,1,0.121,ausopen_2023_atp_value_bets.csv
1011.68,1.0,1.26,1.26,1,0.09609572836409708,ausopen_2023_atp_value_bets.csv
1011.8299999999999,1.0,1.15,1.15,1,0.0924999999999998,ausopen_2023_atp_value_bets.csv
1012.16,1.0,1.33,1.33,1,0.08878418016025935,ausopen_2023_atp_value_bets.csv
1012.48,1.0,1.32,1.32,1,0.08211485855523559,ausopen_2023_atp_value_bets.csv
1011.48,1.0,0.0,1.3,0,0.0813148356433051,ausopen_2023_atp_value_bets.csv
1011.6,1.0,1.12,1.12,1,0.06400000000000006,ausopen_2023_atp_value_bets.csv
1011.72,1.0,1.12,1.12,1,0.06400000000000006,ausopen_2023_atp_value_bets.csv
1011.83,1.0,1.11,1.11,1,0.05449999999999999,ausopen_2023_atp_value_bets.csv
1010.83,1.0,0.0,1.38,0,0.05103880035129538,ausopen_2023_atp_value_bets.csv
1010.9300000000001,1.0,1.1,1.1,1,0.04499999999999993,ausopen_2023_atp_value_bets.csv
1011.2900000000001,1.0,1.36,1.36,1,0.03963676182766962,ausopen_2023_atp_value_bets.csv
1011.3800000000001,1.0,1.09,1.09,1,0.03550000000000009,ausopen_2023_atp_value_bets.csv
1011.8000000000001,1.0,1.42,1.42,1,0.016745258795712203,ausopen_2023_atp_value_bets.csv
1011.8700000000001,1.0,1.07,1.07,1,0.01649999999999996,ausopen_2023_atp_value_bets.csv
1011.9400000000002,1.0,1.07,1.07,1,0.01649999999999996,ausopen_2023_atp_value_bets.csv
1012.2600000000002,1.0,1.32,1.32,1,0.2554734210780909,crossslam_atp_usopen_eval_value_bets.csv
1011.2600000000002,1.0,0.0,1.5,0,0.15251526650722402,crossslam_atp_usopen_eval_value_bets.csv
1010.2600000000002,1.0,0.0,1.58,0,0.13193619761767583,crossslam_atp_usopen_eval_value_bets.csv
1010.8200000000002,1.0,1.56,1.56,1,0.1383394339738928,crossslam_atp_usopen_eval_value_bets.csv
1011.1000000000001,1.0,1.28,1.28,1,0.14787035758568035,crossslam_atp_usopen_eval_value_bets.csv
1010.1000000000001,1.0,0.0,1.39,0,0.16726521751917445,crossslam_atp_usopen_eval_value_bets.csv
1010.6100000000001,1.0,1.51,1.51,1,0.15273737548169897,crossslam_atp_usopen_eval_value_bets.csv
1011.0100000000001,1.0,1.4,1.4,1,0.15464508201235172,crossslam_atp_usopen_eval_value_bets.csv
1012.4100000000001,1.0,2.4,2.4,1,0.9782351159129241,crossslam_atp_usopen_eval_value_bets.csv
1011.4100000000001,1.0,0.0,1.58,0,0.13193619761767583,crossslam_atp_usopen_eval_value_bets.csv
1011.6100000000001,1.0,1.2,1.2,1,0.11602944563755702,crossslam_atp_usopen_eval_value_bets.csv
1012.0400000000001,1.0,1.43,1.43,1,0.3392546114537274,crossslam_atp_usopen_eval_value_bets.csv
1012.3600000000001,1.0,1.32,1.32,1,0.15963879073722653,crossslam_atp_usopen_eval_value_bets.csv
1012.6600000000001,1.0,1.3,1.3,1,0.1485763420683568,crossslam_atp_usopen_eval_value_bets.csv
1013.2900000000001,1.0,1.63,1.63,1,0.48312965297533284,crossslam_atp_usopen_eval_value_bets.csv
1013.7,1.0,1.41,1.41,1,0.16600728003523435,crossslam_atp_usopen_eval_value_bets.csv
1014.38,1.0,1.68,1.68,1,0.5230187030550308,crossslam_atp_usopen_eval_value_bets.csv
1014.97,1.0,1.59,1.59,1,0.10624773775279017,crossslam_atp_usopen_eval_value_bets.csv
1013.97,1.0,0.0,1.62,0,0.48017241117216347,crossslam_atp_usopen_eval_value_bets.csv
1015.69,1.0,2.72,2.72,1,1.1599852227033756,crossslam_atp_usopen_eval_value_bets.csv
1015.84,1.0,1.15,1.15,1,0.11248278376708276,crossslam_atp_usopen_eval_value_bets.csv
1016.25,1.0,1.41,1.41,1,0.3236923512021783,crossslam_atp_usopen_eval_value_bets.csv
1016.41,1.0,1.16,1.16,1,0.12101565377791657,crossslam_atp_usopen_eval_value_bets.csv
1016.86,1.0,1.45,1.45,1,0.16074191058015086,crossslam_miami_eval_value_bets.csv
1015.86,1.0,0.0,1.4,0,0.16186854416072172,crossslam_miami_eval_value_bets.csv
1016.12,1.0,1.26,1.26,1,0.11964261511648444,crossslam_miami_eval_value_bets.csv
1017.24,1.0,2.12,2.12,1,0.8157626245599929,crossslam_miami_eval_value_bets.csv
1017.64,1.0,1.4,1.4,1,0.16186854416072172,crossslam_miami_eval_value_bets.csv
1018.29,1.0,1.65,1.65,1,0.3903887255128109,crossslam_miami_eval_value_bets.csv
1018.48,1.0,1.19,1.19,1,0.14755255191337802,crossslam_miami_eval_value_bets.csv
1018.9300000000001,1.0,1.45,1.45,1,0.169786934777989,crossslam_miami_eval_value_bets.csv
1020.4100000000001,1.0,2.48,2.48,1,1.0195797110262736,crossslam_miami_eval_value_bets.csv
1020.94,1.0,1.53,1.53,1,0.1410802055149749,crossslam_miami_eval_value_bets.csv
1022.4000000000001,1.0,2.46,2.46,1,1.02039251395222,crossslam_miami_eval_value_bets.csv
1024.8000000000002,1.0,3.4,3.4,1,1.528138998684749,crossslam_miami_eval_value_bets.csv
1025.17,1.0,1.37,1.37,1,0.16111655824769677,crossslam_miami_eval_value_bets.csv
1025.5700000000002,1.0,1.4,1.4,1,0.3166797168852764,crossslam_miami_eval_value_bets.csv
1025.8100000000002,1.0,1.24,1.24,1,0.1308254969331415,crossslam_miami_eval_value_bets.csv
1026.8100000000002,1.0,2.0,2.0,1,0.7390916714411886,crossslam_miami_eval_value_bets.csv
1027.0600000000002,1.0,1.25,1.25,1,0.13893039049042022,crossslam_miami_eval_value_bets.csv
1029.8100000000002,1.0,3.75,3.75,1,1.7090470543568825,crossslam_miami_eval_value_bets.csv
1030.2000000000003,1.0,1.39,1.39,1,0.1505995786208758,crossslam_miami_eval_value_bets.csv
1032.4000000000003,1.0,3.2,3.2,1,1.4158858757354942,crossslam_miami_eval_value_bets.csv
1032.8100000000004,1.0,1.41,1.41,1,0.11776514515621894,crossslam_wta_iw_eval_value_bets.csv
1034.8100000000004,1.0,3.0,3.0,1,1.126784729596336,crossslam_wta_iw_eval_value_bets.csv
1035.0600000000004,1.0,1.25,1.25,1,0.10421566302767116,crossslam_wta_iw_eval_value_bets.csv
1034.0600000000004,1.0,0.0,1.43,0,0.11279645224206636,crossslam_wta_iw_eval_value_bets.csv
1034.4500000000005,1.0,1.39,1.39,1,0.1035022409386317,crossslam_wta_iw_eval_value_bets.csv
1034.6100000000006,1.0,1.16,1.16,1,0.10136651557569643,crossslam_wta_iw_eval_value_bets.csv
1034.9300000000005,1.0,1.32,1.32,1,0.11709672546484051,crossslam_wta_iw_eval_value_bets.csv
1035.2100000000005,1.0,1.28,1.28,1,0.13691884709026092,crossslam_wta_iw_eval_value_bets.csv
1035.6300000000006,1.0,1.42,1.42,1,0.13741310460740008,crossslam_wta_usopen_eval_value_bets.csv
1035.8600000000006,1.0,1.23,1.23,1,0.15495533114411542,crossslam_wta_usopen_eval_value_bets.csv
1036.1800000000005,1.0,1.32,1.32,1,0.13278171502966418,crossslam_wta_usopen_eval_value_bets.csv
1036.4500000000005,1.0,1.27,1.27,1,0.1155523425937941,crossslam_wta_usopen_eval_value_bets.csv
1036.7400000000005,1.0,1.29,1.29,1,0.12644072462797573,crossslam_wta_usopen_eval_value_bets.csv
1038.0400000000004,1.0,2.3,2.3,1,0.7376747747858736,crossslam_wta_usopen_eval_value_bets.csv
1038.4900000000005,1.0,1.45,1.45,1,0.32898737999594396,crossslam_wta_usopen_eval_value_bets.csv
1039.0500000000004,1.0,1.56,1.56,1,0.1249834769274909,crossslam_wta_usopen_eval_value_bets.csv
1039.4000000000003,1.0,1.35,1.35,1,0.1474833551122603,crossslam_wta_usopen_eval_value_bets.csv
1038.4000000000003,1.0,0.0,1.2,0,0.14218149708032435,crossslam_wta_usopen_eval_value_bets.csv
1039.2400000000002,1.0,1.84,1.84,1,0.5906478404274409,crossslam_wta_usopen_eval_value_bets.csv
1039.6400000000003,1.0,1.4,1.4,1,0.14008781671411197,crossslam_wta_usopen_eval_value_bets.csv
1039.8700000000003,1.0,1.23,1.23,1,0.11326109806479034,crossslam_wta_usopen_eval_value_bets.csv
1038.8700000000003,1.0,0.0,1.59,0,0.1059056382039123,crossslam_wta_usopen_eval_value_bets.csv
1039.0900000000004,1.0,1.22,1.22,1,0.10568164500211741,crossslam_wta_usopen_eval_value_bets.csv
1039.6300000000003,1.0,1.54,1.54,1,0.12597530185010464,crossslam_wta_usopen_eval_value_bets.csv
